%YAML:1.0
---
cameraMatrix: !!opencv-matrix
   rows: 3
   cols: 3
   dt: d
   data: [ 5.6970425463470804e+02, 0., 3.4133845486887037e+02, 0.,
       5.6819453749979857e+02, 2.3450841422502933e+02, 0., 0., 1. ]
distortionCoefficients: !!opencv-matrix
   rows: 5
   cols: 1
   dt: d
   data: [ -6.1279961539784461e-02, 4.0692041364737314e-01,
       -2.2994221453934436e-03, 9.4259616124884090e-03,
       -9.6599038914548097e-01 ]
